[Values]
a = 1.201198473
b = 0.1430850569
d = 11.0092839
